%YAML:1.0
description: boca_abierta_cejas_arriba
samples:
   - !!opencv-matrix
      rows: 198
      cols: 1
      dt: d
      data: [ -1.7707580302858496e+001, -1.7000547636174751e+001,
          -1.5886234259905608e+001, -1.4302573543659697e+001,
          -1.2206060341180130e+001, -9.6963450200679588e+000,
          -6.6468076704629517e+000, -2.8471214380222873e+000,
          1.8967265780687521e+000, 6.3584575087279172e+000,
          9.6165245724929456e+000, 1.2054267076118812e+001,
          1.3869369735550457e+001, 1.5180074924896338e+001,
          1.6026599399657272e+001, 1.6448371042921316e+001,
          1.6467390193773042e+001, -1.4783223363609563e+001,
          -1.3315763883358116e+001, -1.0950045005953296e+001,
          -8.2182620140053597e+000, -5.5160075111130418e+000,
          2.6873895168531039e+000, 5.2202447638208742e+000,
          7.9201788811284324e+000, 1.0460317000541721e+001,
          1.2338065841518775e+001, -8.1599544486589215e-001,
          -5.9737549223852404e-001, -3.7272897797119969e-001,
          -1.5152445747498905e-001, -2.9603136156684453e+000,
          -1.4684207721715030e+000, 2.5515865439105612e-002,
          1.5097956196941711e+000, 2.9830769104837582e+000,
          -1.1351759152716557e+001, -9.7828940709186814e+000,
          -7.5668978508405011e+000, -5.7561933302497632e+000,
          -7.4999264747388885e+000, -9.5029799800378658e+000,
          4.3994993612978295e+000, 6.0769962484759681e+000,
          8.3228974988144930e+000, 1.0122486158163120e+001,
          8.3823159508276088e+000, 6.3296274663952072e+000,
          -6.5260170963728461e+000, -5.6319416575496177e+000,
          -3.2400469218709773e+000, 2.6078933632519230e-001,
          3.7585882119866016e+000, 6.4627081522293972e+000,
          7.7961838712093741e+000, 6.9325631347194516e+000,
          4.8478387007614767e+000, 1.1981745141244002e+000,
          -2.6106472461610406e+000, -5.1395314388474658e+000,
          -3.7036322129859354e+000, 3.8432675742511957e-001,
          4.4970598622766440e+000, 5.1262751090497467e+000,
          1.0008130121267236e+000, -3.4012873646218393e+000,
          -5.8333841513334788e+000, -1.0812162006191828e+000,
          3.5819540571874913e+000, 8.2826532499118439e+000,
          1.3066973686648216e+001, 1.7691169237530005e+001,
          2.1951501306612968e+001, 2.5446136755064586e+001,
          2.6693280628770275e+001, 2.4877079098549348e+001,
          2.1021728566836515e+001, 1.6520951554712497e+001,
          1.1662686503221105e+001, 6.5892559162736051e+000,
          1.6042656758167486e+000, -3.2909906626014300e+000,
          -8.2251400856071655e+000, -1.5248932255506382e+001,
          -1.7465131210526248e+001, -1.8838262600910728e+001,
          -1.9165987607652017e+001, -1.8701405204011582e+001,
          -1.9385494261508832e+001, -2.0358672584983935e+001,
          -2.0550440569319424e+001, -1.9728514183226881e+001,
          -1.7963864019141340e+001, -1.1702557937753481e+001,
          -9.3176150094726591e+000, -6.9320549990899689e+000,
          -4.5811579774446090e+000, -7.8397005451037005e-001,
          -6.1535217729055725e-001, -5.8417110543722184e-001,
          -8.4927298531089024e-001, -1.2406234493408408e+000,
          -9.3068919888799542e+000, -1.0710667542316070e+001,
          -1.0933795509072816e+001, -1.0128413996787350e+001,
          -9.0196298722412216e+000, -8.6829475860303909e+000,
          -1.0996452307697558e+001, -1.2126743426064879e+001,
          -1.2257162257056240e+001, -1.1135492773201422e+001,
          -1.0195248914034565e+001, -1.0183597871036195e+001,
          9.3824325344439643e+000, 6.0670965246663142e+000,
          3.5130346871969929e+000, 3.0525864625339545e+000,
          2.9986053740150318e+000, 5.2039167024015587e+000,
          8.3494454051386899e+000, 1.2276427106386620e+001,
          1.5667549583466890e+001, 1.7115866351148366e+001,
          1.6207127623618394e+001, 1.3146297946038356e+001,
          6.0885933312193732e+000, 5.1570224815012500e+000,
          5.4846081394812263e+000, 1.2260336516919915e+001,
          1.4275620703951782e+001, 1.2885172962079222e+001,
          2.0737660468261080e+001, 2.0412645728589123e+001,
          1.9874224517673934e+001, 1.7893069266295093e+001,
          1.3551764218006987e+001, 8.0721455211097073e+000,
          2.8943099640012044e+000, -8.4088584617626461e-001,
          -4.6515758460308936e+000, -1.0200477254323519e+000,
          2.7984556850785536e+000, 8.0666808943161410e+000,
          1.3664184170276631e+001, 1.8076661374778190e+001,
          2.0174944613776823e+001, 2.0809280288925859e+001,
          2.1167550611219109e+001, 3.6416463421849810e-001,
          -1.4773216904015647e+000, -2.8957656152907272e+000,
          -4.2072497401295657e+000, -5.4605385451488395e+000,
          -5.3858710250318280e+000, -4.0592974496006704e+000,
          -2.6783088501280030e+000, -1.2112882617643497e+000,
          5.6513146668985148e-001, -4.8918010564298982e+000,
          -7.6050794944202913e+000, -1.0287811140641976e+001,
          -1.3006200909937776e+001, -6.3406183367005875e+000,
          -6.9691804269200404e+000, -7.7171229346907966e+000,
          -7.0592530154884230e+000, -6.3877216583773873e+000,
          -8.3490072351678790e-001, -1.1040119199110077e+000,
          -1.4824412246821903e+000, -1.1572822318656117e+000,
          -1.1806820769233397e+000, -1.0215575467223317e+000,
          -1.0291745399670265e+000, -1.3465477466769717e+000,
          -9.5249854716217008e-001, -6.8801346188609858e-001,
          -8.9113826153884945e-001, -1.0603783880165389e+000,
          -2.3544923698238445e+000, -4.6856618288598195e+000,
          -6.2315044466193683e+000, -8.0388171591517263e+000,
          -6.3345318594731568e+000, -4.7400872527736082e+000,
          -2.3981303988124165e+000, -4.2582558776106341e+000,
          -5.5247715253078855e+000, -7.0222608576702381e+000,
          -5.3801768869005961e+000, -4.1245450443390936e+000,
          -4.4622711960924084e+000, -7.4742012899181844e+000,
          -4.5893777556224640e+000, -4.3070580615798812e+000,
          -6.1351371815737172e+000, -4.1599186334749856e+000 ]
   - !!opencv-matrix
      rows: 198
      cols: 1
      dt: d
      data: [ -1.7776885671142661e+001, -1.7064903361066051e+001,
          -1.5949225827603652e+001, -1.4370760859341697e+001,
          -1.2290735225143562e+001, -9.7722709019111242e+000,
          -6.6846318557596751e+000, -2.8489724721969516e+000,
          1.9116552728696763e+000, 6.3867911911731960e+000,
          9.6738515546461024e+000, 1.2131405375501396e+001,
          1.3944207613716490e+001, 1.5244056991940287e+001,
          1.6085997382356581e+001, 1.6506916211450584e+001,
          1.6527660580769023e+001, -1.4827687701568404e+001,
          -1.3334089629306751e+001, -1.0941332268822940e+001,
          -8.1740448125085852e+000, -5.4355458787516859e+000,
          2.5947754494357005e+000, 5.1671384779212683e+000,
          7.9050980070964716e+000, 1.0469939799522942e+001,
          1.2354751963826331e+001, -8.1562839355757100e-001,
          -6.0087889452262522e-001, -3.8119718357233928e-001,
          -1.6412104666936894e-001, -2.9577206944149057e+000,
          -1.4636098530348831e+000, 3.1649933163344496e-002,
          1.5109199732368888e+000, 2.9780100950141795e+000,
          -1.1285381535796244e+001, -9.7393599110518068e+000,
          -7.6330863066383356e+000, -5.8419847898341786e+000,
          -7.5422275314141825e+000, -9.4723197502278040e+000,
          4.4282056159192580e+000, 6.1183587747658068e+000,
          8.2546208277315074e+000, 1.0000848366148736e+001,
          8.2733823764940286e+000, 6.2951534803029494e+000,
          -6.5507299244893789e+000, -5.6583339496977541e+000,
          -3.2539012255275779e+000, 2.7542663897277764e-001,
          3.8016609850112935e+000, 6.5221189942975721e+000,
          7.8559881431772931e+000, 6.9469858940021387e+000,
