%YAML:1.0
description: boca_fruncida
samples:
   - !!opencv-matrix
      rows: 198
      cols: 1
      dt: d
      data: [ -2.2255496902764357e+001, -2.1552221003347910e+001,
          -2.0443998474057278e+001, -1.8818172595367344e+001,
          -1.6347841227607983e+001, -1.2813631428034576e+001,
          -8.4870834193716629e+000, -3.4487112884454478e+000,
          1.9779503503008535e+000, 7.0724842977343627e+000,
          1.1669949907749185e+001, 1.5514080003165892e+001,
          1.8345295807246185e+001, 1.9827671991751693e+001,
          2.0564857560633598e+001, 2.0940491473550900e+001,
          2.0998231991443127e+001, -1.8321367340385237e+001,
          -1.6106082766675875e+001, -1.2974080749161978e+001,
          -9.6244681886753778e+000, -6.3303074162708928e+000,
          3.8202507678680075e+000, 7.0935802507687864e+000,
          1.0530301372489790e+001, 1.3954476243566676e+001,
          1.6717518421535747e+001, -1.1487554032787053e+000,
          -8.5643813805762370e-001, -5.4539852358938146e-001,
          -2.2563029580724620e-001, -3.6397851251277529e+000,
          -1.9388299089187886e+000, -1.3948843798055632e-001,
          1.7314995082196791e+000, 3.4503071381518038e+000,
          -1.4011139068979865e+001, -1.1891296334484487e+001,
          -9.3584093252303049e+000, -6.8398290610396302e+000,
          -9.1146262776317624e+000, -1.1543818029150103e+001,
          5.5846912928985368e+000, 8.0686985929554638e+000,
          1.0708777596908767e+001, 1.3093725391378079e+001,
          1.0596979966240820e+001, 8.0573553343608832e+000,
          -6.7102565379872132e+000, -4.9479053034762437e+000,
          -2.4568357322272334e+000, 3.0107323043832601e-001,
          3.0279146475626511e+000, 5.7070570900680222e+000,
          7.8680309015737118e+000, 5.7473489057257012e+000,
          3.2579735635736107e+000, 6.2666401008309136e-001,
          -1.9852155857642184e+000, -4.5247050163770535e+000,
          -2.3278249746706212e+000, 4.0827442186265372e-001,
          3.1177212465833763e+000, 3.1413967424525038e+000,
          3.8988180013618934e-001, -2.3780265186159295e+000,
          -6.0067259864267726e+000, -8.9845078844556592e-001,
          4.1385800943415800e+000, 9.1397174631339393e+000,
          1.3980875388645519e+001, 1.8217276758560093e+001,
          2.1604508984609442e+001, 2.3733164310421653e+001,
          2.4278146235678534e+001, 2.3111231622480297e+001,
          2.0641555929958802e+001, 1.7061716231872261e+001,
          1.2579811909239409e+001, 7.3440639408281445e+000,
          1.8708773592221402e+000, -3.6031865374024927e+000,
          -9.1013112344118028e+000, -1.1630054655933870e+001,
          -1.3975495923254424e+001, -1.5025476025781400e+001,
          -1.5043885969422302e+001, -1.4445517934873171e+001,
          -1.5444013938475099e+001, -1.6764695279193081e+001,
          -1.7431614998662926e+001, -1.6994252356460819e+001,
          -1.5085958861785148e+001, -1.1971311125124464e+001,
          -8.7682756668933290e+000, -5.5669322475903380e+000,
          -2.3794876728599563e+000, 4.9695311227030814e-001,
          1.0418523724841475e+000, 1.2109706641641369e+000,
          7.1703697330734617e-001, -1.2448945923753146e-001,
          -7.9079723063050462e+000, -9.1480631853193159e+000,
          -9.6422443335586117e+000, -9.4331559508289509e+000,
          -8.6145357751958347e+000, -8.0943636048395184e+000,
          -1.0642639319891495e+001, -1.1373253904179387e+001,
          -1.1272644852226199e+001, -1.0446160172820116e+001,
          -1.0188241731445643e+001, -1.0231326365233711e+001,
          7.3823690654525329e+000, 5.4031661675072744e+000,
          4.3037159023759495e+000, 4.4281857964707863e+000,
          3.8334908577331666e+000, 4.5298173737754084e+000,
          6.1226308501627029e+000, 7.6861753761910929e+000,
          8.5826271981584625e+000, 9.0296996376101024e+000,
          9.0557283820195540e+000, 8.5949731463857475e+000,
          6.1801844522392901e+000, 6.2401109297905411e+000,
          5.6748783796298126e+000, 6.0173034376472518e+000,
          6.5115007314309281e+000, 6.5109272048133908e+000,
          2.1389578483793780e+001, 2.1120308101513814e+001,
          2.0792171573537626e+001, 1.8610452363867566e+001,
          1.3469478586143936e+001, 7.9712391271811525e+000,
          3.6465868359185607e+000, -6.8688396008127828e-001,
          -4.6501923309696194e+000, -9.0353916720873040e-001,
          3.5470331330142555e+000, 8.0024470557048204e+000,
          1.3682816692882254e+001, 1.9007320766504815e+001,
          2.1277998948100464e+001, 2.1818496029849182e+001,
          2.2177376827212846e+001, 1.8416037158351134e-002,
          -1.8131913419221444e+000, -3.2708143970492407e+000,
          -4.6894380664223290e+000, -5.8703433854670228e+000,
          -5.5929368227669372e+000, -4.3776667630150685e+000,
          -2.9096439266669245e+000, -1.4365587333786805e+000,
          3.2350525060376650e-001, -4.9444462534081142e+000,
          -7.8968952274656106e+000, -1.0807897770188106e+001,
          -1.3511266971263295e+001, -6.3498527752065836e+000,
          -7.3337654080986754e+000, -8.2637689880884153e+000,
          -7.3724650298731387e+000, -6.3546258041987729e+000,
          -1.1774355267834395e+000, -1.4030916747464506e+000,
          -1.4067477145310097e+000, -1.2907219110489514e+000,
          -1.2450007846887963e+000, -1.2129313640546202e+000,
          -1.0600024613604830e+000, -1.1759287849731692e+000,
          -1.1274919916731614e+000, -8.7760198794975741e-001,
          -9.5098238405850544e-001, -1.0172314079742797e+000,
          -2.6451802065604588e+000, -4.6308065305170505e+000,
          -6.3390717622997341e+000, -7.9451118474909581e+000,
          -6.4600105076761709e+000, -4.7113126573390254e+000,
          -2.6747255643803070e+000, -3.8376464944101150e+000,
          -5.4107328802532733e+000, -6.8383126661415643e+000,
          -5.2648346414185321e+000, -3.7018250139145494e+000,
          -5.2262979252338742e+000, -7.1957793979304654e+000,
          -5.4430952079770574e+000, -4.6658628797510469e+000,
          -6.4366039005271221e+000, -4.4465504235133801e+000 ]
   - !!opencv-matrix
      rows: 198
      cols: 1
      dt: d
      data: [ -2.2068276248456701e+001, -2.1370257017035307e+001,
          -2.0254339255643217e+001, -1.8632944327005262e+001,
          -1.6195094018246525e+001, -1.2731777563968246e+001,
          -8.4639655646489231e+000, -3.4569526231377310e+000,
          1.9582757198444951e+000, 7.0307042144012248e+000,
          1.1604868534890853e+001, 1.5422055847602650e+001,
          1.8224955157402626e+001, 1.9682778645746321e+001,
          2.0411500248998426e+001, 2.0801711603778923e+001,
          2.0873655640121591e+001, -1.8163132330587924e+001,
          -1.5951597764748916e+001, -1.2841879427526685e+001,
          -9.5186403878785733e+000, -6.2550456303682012e+000,
          3.8031153972327667e+000, 7.0651691030618338e+000,
          1.0492051726864071e+001, 1.3901619190362727e+001,
          1.6649703752462280e+001, -1.2013272417513945e+000,
          -8.9360785672176024e-001, -5.6578713707889317e-001,
          -2.3075388303283334e-001, -3.6367366609639307e+000,
          -1.9485173873972015e+000, -1.6441239155512816e-001,
          1.6964476791165981e+000, 3.4096128463968234e+000,
          -1.4162892923089636e+001, -1.2012615472588958e+001,
          -9.4147590539922099e+000, -6.8624739226423772e+000,
          -9.1766258397004705e+000, -1.1657140660440479e+001,
          5.5217301735285558e+000, 8.0288404622761664e+000,
          1.0743233923346930e+001, 1.3190181210357038e+001,
          1.0661269559662179e+001, 8.0586527888391206e+000,
          -6.4938953008427633e+000, -4.8002277075018007e+000,
          -2.3853102492619436e+000, 3.0804534677561818e-001,
          2.9687534793492310e+000, 5.5864360203924237e+000,
          7.6963807629627086e+000, 5.6197133757646363e+000,
