%YAML:1.0
description: "cejas_arriba"
samples:
   - !!opencv-matrix
      rows: 198
      cols: 1
      dt: d
      data: [ -1.9940263990987688e+001, -1.9256821085716965e+001,
          -1.8213430537706014e+001, -1.6925321546825131e+001,
          -1.5073105894807272e+001, -1.2123628856123577e+001,
          -8.1509963037949316e+000, -3.4760328016380555e+000,
          1.6709470947280141e+000, 6.6612582804781173e+000,
          1.1032598743470155e+001, 1.4602320078205342e+001,
          1.6916339109544431e+001, 1.7917996934640151e+001,
          1.8404122965980772e+001, 1.8709705029442993e+001,
          1.8680972065568497e+001, -1.6866114660712963e+001,
          -1.4762663502699031e+001, -1.1892427813800802e+001,
          -8.7966643984563007e+000, -5.7829352844769195e+000,
          3.0266632636831918e+000, 5.8967716273720727e+000,
          8.9775770045807057e+000, 1.2037678408861311e+001,
          1.4605709894567333e+001, -8.4034288195482265e-001,
          -5.6870309701995514e-001, -2.9011422473033444e-001,
          -1.4688312673617185e-002, -2.9504962295142771e+000,
          -1.4372401101014340e+000, 1.2871678606707251e-001,
          1.7183966920941887e+000, 3.2275852852333675e+000,
          -1.2591680772974259e+001, -1.0839583200713907e+001,
          -8.6558735524725066e+000, -6.7296113951854331e+000,
          -8.6057455212835130e+000, -1.0653801140614164e+001,
          5.5173337960282662e+000, 7.3281847953226160e+000,
          9.5564155419240269e+000, 1.1522467457358378e+001,
          9.6477100873588331e+000, 7.5464236159842555e+000,
          -5.8735581405004975e+000, -4.1722279049702449e+000,
          -2.0852772246319797e+000, 4.1877645187991885e-001,
          2.8916385134259963e+000, 5.1728598666653989e+000,
          7.1493241735162272e+000, 5.2397116572164935e+000,
          3.0275706078173235e+000, 6.7978406274798076e-001,
          -1.6576392703927467e+000, -3.9012980592324844e+000,
          -1.9714215516037799e+000, 5.1584769120000584e-001,
          2.9910518684093090e+000, 2.9174609802886748e+000,
          4.9814402990068585e-001, -1.9315316418558854e+000,
          -5.5106955351258886e+000, -5.0829066237983334e-001,
          4.4553781673309354e+000, 9.2456696012913362e+000,
          1.3738344164737125e+001, 1.7618055205437550e+001,
          2.0602843735429687e+001, 2.2521833421880977e+001,
          2.2741242066220803e+001, 2.1925549562549115e+001,
          1.9591571905739471e+001, 1.6279457783714811e+001,
          1.2088793551550689e+001, 7.2688564390168109e+000,
          2.1329235285269279e+000, -3.1587826586524352e+000,
          -8.4463603224412438e+000, -1.4844831548191316e+001,
          -1.7167741977644010e+001, -1.8391899393303994e+001,
          -1.8593188506485621e+001, -1.8047872771511145e+001,
          -1.8804522207070558e+001, -1.9941950355693173e+001,
          -2.0338379076689854e+001, -1.9741985584715664e+001,
          -1.7960943068525403e+001, -1.1459570067224764e+001,
          -8.5195387345453177e+000, -5.6056224893048592e+000,
          -2.6994251098130766e+000, 1.3757433403605588e+000,
          1.6399802619900359e+000, 1.6473972863586668e+000,
          1.3979216467904849e+000, 9.0537892952287202e-001,
          -9.1319609736185772e+000, -1.0341942081585891e+001,
          -1.0544168503998009e+001, -9.7966310658794526e+000,
          -9.0408466199100648e+000, -8.7508274285717800e+000,
          -1.0845090019328268e+001, -1.1959423099979043e+001,
          -1.2091689735165469e+001, -1.1193738633455647e+001,
          -1.0482178488833176e+001, -1.0402143997934216e+001,
          9.8447787498376425e+000, 7.8082919053278603e+000,
          6.1777386945980837e+000, 6.0879189852646274e+000,
          5.8236897886877994e+000, 7.1775981531745874e+000,
          8.9349729377254743e+000, 1.0211033817366925e+001,
          1.0953921742020105e+001, 1.1239773245752517e+001,
          1.1282978007871055e+001, 1.0847991093016018e+001,
          8.5175290629496452e+000, 8.1359650907283498e+000,
          8.1561151250805359e+000, 8.4946639029488278e+000,
          8.6094407876413790e+000, 8.8410254971425530e+000,
          2.1222399572186067e+001, 2.0721333916721395e+001,
          2.0448820572850309e+001, 1.8290585383973919e+001,
          1.3605579455404804e+001, 7.9484408986290909e+000,
          3.3270378564253908e+000, -7.5307776342636124e-001,
          -4.5268526347460503e+000, -8.6807818208619159e-001,
          3.2679112710164220e+000, 7.9827217790734704e+000,
          1.3773131870738862e+001, 1.8519358715292359e+001,
          2.0760759365133335e+001, 2.1162127421543154e+001,
          2.1723644603848893e+001, 2.6602862825591123e-001,
          -1.4994266780964087e+000, -2.8958536359001070e+000,
          -4.1843321885118643e+000, -5.4432381846138718e+000,
          -5.2714396589987587e+000, -3.9599239174767487e+000,
          -2.6172114256426391e+000, -1.1869613304775317e+000,
          4.8166556133713134e-001, -4.9499232118958387e+000,
          -7.7260041279842175e+000, -1.0622524450474058e+001,
          -1.3424153424156989e+001, -6.4634946743868751e+000,
          -7.2689569781132217e+000, -8.0567114026200120e+000,
          -7.2562964423872778e+000, -6.3934764874808669e+000,
          -8.4359661759884486e-001, -1.1375839925592979e+000,
          -1.3212160605300149e+000, -1.2240825179036976e+000,
          -1.2935716910393120e+000, -1.1224854652634271e+000,
          -1.0176575045773120e+000, -1.1053264522153552e+000,
          -9.2212394904626738e-001, -6.4877850592869479e-001,
          -9.3291950882728136e-001, -1.1163384060647574e+000,
          -2.8189098642479813e+000, -5.0232511602962875e+000,
          -6.6150189455719621e+000, -8.2756346289386187e+000,
          -6.6746190421705922e+000, -5.0458719324835828e+000,
          -2.8124985193282019e+000, -4.0183737943302820e+000,
          -5.2246341405365637e+000, -6.5275400434977628e+000,
          -5.1498350857374158e+000, -3.9351275350878847e+000,
          -5.1095798110889472e+000, -7.4083425321287306e+000,
          -5.1873062880568712e+000, -4.6515688794029231e+000,
          -6.4252529079640128e+000, -4.5444565834704580e+000 ]
   - !!opencv-matrix
      rows: 198
      cols: 1
      dt: d
      data: [ -1.9865691869087268e+001, -1.9211531016851083e+001,
          -1.8182487891440040e+001, -1.6886279671682157e+001,
          -1.5012547613993583e+001, -1.2085230497991763e+001,
          -8.1546908853987059e+000, -3.4926629947303556e+000,
          1.6848380568024310e+000, 6.6917485218468098e+000,
          1.1080281750059820e+001, 1.4664837450729031e+001,
          1.6973920467492714e+001, 1.7926613332513057e+001,
          1.8378595300519549e+001, 1.8674164236306396e+001,
          1.8648033393304491e+001, -1.6653174583269529e+001,
          -1.4606934926163984e+001, -1.1821097656444593e+001,
          -8.8131867321943425e+000, -5.8796770124184032e+000,
          3.0384872434771322e+000, 5.9177571466292909e+000,
          8.9946529387752445e+000, 1.2047882903000161e+001,
          1.4614946153277177e+001, -9.5771367940571928e-001,
          -6.5847209247085170e-001, -3.4866945601907418e-001,
          -4.1607134815427313e-002, -2.9901832225928233e+000,
          -1.4920483412726697e+000, 5.9457236026651927e-002,
          1.6668673578628954e+000, 3.1943291350975844e+000,
          -1.2505353285319917e+001, -1.0778723802230777e+001,
          -8.6073212368127709e+000, -6.6978756598683153e+000,
          -8.5499715534497351e+000, -1.0582757152306916e+001,
          5.4459331034092342e+000, 7.2491800482796354e+000,
          9.4871147476866273e+000, 1.1468950920073192e+001,
          9.5985617560452923e+000, 7.4893775505593450e+000,
          -5.7680860588423055e+000, -4.1309334575377674e+000,
          -2.0791692465448270e+000, 4.0217281973492980e-001,
          2.8627408695899139e+000, 5.1368857182484948e+000,
          7.1040676484063958e+000, 5.1996986433173733e+000,
