%YAML:1.0
description: normal
samples:
   - !!opencv-matrix
      rows: 198
      cols: 1
      dt: d
      data: [ -2.0737107382976966e+001, -2.0094348257109786e+001,
          -1.9097777598554398e+001, -1.7729366981524407e+001,
          -1.5642362440852956e+001, -1.2373705122528472e+001,
          -8.1619199443673942e+000, -3.3386589728453107e+000,
          1.8987318530956196e+000, 6.9775980327289595e+000,
          1.1502448360437153e+001, 1.5211094999395989e+001,
          1.7672965663744602e+001, 1.8729188137326393e+001,
          1.9163799438612482e+001, 1.9338800215322497e+001,
          1.9197316270403974e+001, -1.7314171181011812e+001,
          -1.5271030828133693e+001, -1.2470172404404273e+001,
          -9.4877381938672940e+000, -6.5527490841043345e+000,
          4.2044258872785178e+000, 7.0452346871701055e+000,
          9.9952413686977426e+000, 1.2890129621310937e+001,
          1.5207359176029497e+001, -8.2885304094674384e-001,
          -5.5206923064587421e-001, -2.7271241978549110e-001,
          2.2492169086468367e-003, -3.0805135648819233e+000,
          -1.4807340320477831e+000, 1.5118081348795270e-001,
          1.7658212488024025e+000, 3.3178218392289458e+000,
          -1.3230299906699820e+001, -1.1412046208711255e+001,
          -9.0362879218255276e+000, -6.9552734728776535e+000,
          -8.9260499018504635e+000, -1.1145878758486125e+001,
          5.3949500955946492e+000, 7.3552391048411963e+000,
          9.7711026362110971e+000, 1.1796399806983025e+001,
          9.7847345242648682e+000, 7.5222670547592898e+000,
          -6.5036043985414533e+000, -4.6964202836383242e+000,
          -2.3792735990432843e+000, 3.6538949468796944e-001,
          3.0652447946947778e+000, 5.5664124285260428e+000,
          7.6473818714560080e+000, 5.6172227183134495e+000,
          3.1945312344014942e+000, 6.6410008809220278e-001,
          -1.8852150953845306e+000, -4.3471216748227359e+000,
          -2.2221672881927472e+000, 4.6549112677800319e-001,
          3.1261060693823657e+000, 3.0957090182338662e+000,
          4.8456343209966257e-001, -2.1577859659447118e+000,
          -5.7750469186266331e+000, -6.3361893442884554e-001,
          4.4461539390809373e+000, 9.3894604098081338e+000,
          1.4052924087496439e+001, 1.7989588281521087e+001,
          2.0980466576895015e+001, 2.2927946661797680e+001,
          2.3235382885542609e+001, 2.2313506259181501e+001,
          1.9934928780863654e+001, 1.6497494636688213e+001,
          1.2124067536848701e+001, 7.0983869838206131e+000,
          1.8526751911829999e+000, -3.4690982874459273e+000,
          -8.7902059092929363e+000, -1.3552323644908132e+001,
          -1.5668465902046730e+001, -1.6666864594835420e+001,
          -1.6775504922633985e+001, -1.6328448190013614e+001,
          -1.7163910778066960e+001, -1.8030483957744636e+001,
          -1.8348944575507069e+001, -1.7762719667375929e+001,
          -1.5981334117829537e+001, -1.1872031823256195e+001,
          -9.1205324831719690e+000, -6.3876377952627585e+000,
          -3.6693702292485213e+000, 4.7091938046276405e-001,
          7.1032309926698678e-001, 7.4392167161181288e-001,
          4.7013778045845722e-001, 5.1275158834541701e-003,
          -9.0762031840301294e+000, -1.0530364502511041e+001,
          -1.0816084550061445e+001, -9.9340622257820925e+000,
          -8.9249573111926992e+000, -8.5789822200942218e+000,
          -1.0816585416126594e+001, -1.2028399504047643e+001,
          -1.2076774652068538e+001, -1.0905995416510155e+001,
          -1.0114362311496134e+001, -1.0113379991956997e+001,
          9.1696943434891480e+000, 7.0372095175116414e+000,
          5.4276995215334480e+000, 5.4393344800896894e+000,
          5.0637043182382939e+000, 6.3779648039935273e+000,
          8.2484132168145123e+000, 9.6320714919768644e+000,
          1.0351847305082000e+001, 1.0644906820176825e+001,
          1.0679390666864297e+001, 1.0252842462655474e+001,
          7.6578493849176406e+000, 7.4415056665978332e+000,
          7.3030686808890657e+000, 7.7973805739418447e+000,
          8.0156651984221519e+000, 8.1288461392839420e+000,
          2.1345579064287652e+001, 2.1093348053312223e+001,
          2.0734961772605487e+001, 1.8407070023909355e+001,
          1.3580210612399117e+001, 7.9931445673403445e+000,
          3.4313924767331452e+000, -7.6365244730894344e-001,
          -4.5785339437861463e+000, -7.4551636159404122e-001,
          3.4673462937410449e+000, 8.1215731566853151e+000,
          1.3821900006790532e+001, 1.8720890292957680e+001,
          2.0985131709761291e+001, 2.1388694602423971e+001,
          2.1764044438149661e+001, 1.3110921668942110e-001,
          -1.5976260850348039e+000, -3.0534639318152581e+000,
          -4.4448053009230719e+000, -5.6901957825499903e+000,
          -5.5810110399192467e+000, -4.3074340591311708e+000,
          -2.8952329750821999e+000, -1.4254857840021347e+000,
          3.3336653647478387e-001, -4.9579539006810354e+000,
          -7.7312425013706330e+000, -1.0617289361263980e+001,
          -1.3438125354765466e+001, -6.3219363002799245e+000,
          -7.2515183390897286e+000, -8.1718920883310702e+000,
          -7.2311168408097739e+000, -6.2029083372422136e+000,
          -9.1561322041519944e-001, -1.1811117745055648e+000,
          -1.3228594720864155e+000, -1.1405629303491320e+000,
          -1.1949609106471162e+000, -1.0901846450181285e+000,
          -9.8261809132470557e-001, -1.1692813394461095e+000,
          -1.0643320455355276e+000, -8.3773104492472572e-001,
          -9.9021538839885859e-001, -1.0899625180940045e+000,
          -2.8022427011497348e+000, -4.8712389485035308e+000,
          -6.5492959230482821e+000, -8.1425772238344578e+000,
          -6.6113595026313492e+000, -4.8907810460615337e+000,
          -2.7713704041458764e+000, -3.9307712324121971e+000,
          -5.3790229669813048e+000, -6.7194458260734748e+000,
          -5.3421053362451083e+000, -3.9594466275449123e+000,
          -5.2236526687934850e+000, -7.3222383215822884e+000,
          -5.2278925053323242e+000, -4.5901143577442571e+000,
          -6.4333558904483361e+000, -4.5663701497357367e+000 ]
   - !!opencv-matrix
      rows: 198
      cols: 1
      dt: d
      data: [ -2.0632842446853278e+001, -2.0011669742712979e+001,
          -1.9029405459731137e+001, -1.7679623508761221e+001,
          -1.5611637213534864e+001, -1.2378752281415800e+001,
          -8.1969047756826505e+000, -3.3742147674499776e+000,
          1.8871278392593049e+000, 6.9681907825084597e+000,
          1.1504330747971323e+001, 1.5232279086443569e+001,
          1.7690574685961067e+001, 1.8705696673184043e+001,
          1.9112673974911367e+001, 1.9288833872169079e+001,
          1.9159968274246427e+001, -1.7221045563689671e+001,
          -1.5200948356433530e+001, -1.2445150113377835e+001,
          -9.5188081704714183e+000, -6.6410096610625304e+000,
          4.1379828127641218e+000, 6.9692323666161320e+000,
          9.9169320786175774e+000, 1.2832794881158986e+001,
          1.5209913473730264e+001, -9.1342346056935830e-001,
          -6.2185047626583612e-001, -3.2406473686641535e-001,
          -2.8967275162864861e-002, -3.1085082179230348e+000,
          -1.5255044264186799e+000, 9.0901273778575292e-002,
          1.7227151496584461e+000, 3.2933705023879654e+000,
          -1.3260106147334200e+001, -1.1428518075141287e+001,
          -9.0147349296673163e+000, -6.9251413888376518e+000,
          -8.9147473068867811e+000, -1.1160571491849723e+001,
          5.4261315704761977e+000, 7.3897418419378926e+000,
          9.8581279467103116e+000, 1.1936804487768358e+001,
          9.9090537593190042e+000, 7.6028470092292766e+000,
          -6.4263523948075143e+000, -4.6386122271082755e+000,
          -2.3457394719007159e+000, 3.6506711905560613e-001,
          3.0392337567908356e+000, 5.5353692977679803e+000,
          7.6379862782890564e+000, 5.6014111858237303e+000,
          3.1800920187062243e+000, 6.5243468335310029e-001,
