%YAML:1.0
description: sonrisa
samples:
   - !!opencv-matrix
      rows: 198
      cols: 1
      dt: d
      data: [ -2.1185947870245482e+001, -2.0375549915670387e+001,
          -1.9291471324912774e+001, -1.8011879223852350e+001,
          -1.6016051856241951e+001, -1.2683808718968629e+001,
          -8.4260500729780468e+000, -3.5119961690454691e+000,
          1.7659697439367847e+000, 6.8893892710683993e+000,
          1.1386682124489633e+001, 1.5078636093905198e+001,
          1.7698833226950018e+001, 1.8927049643816382e+001,
          1.9441312609974791e+001, 1.9735448267399487e+001,
          1.9728408016662932e+001, -1.8138253698293816e+001,
          -1.5867667617405026e+001, -1.2889555460218048e+001,
          -9.7761191374665906e+000, -6.7183638617653276e+000,
          4.6962780590710427e+000, 7.4582935956713872e+000,
          1.0373454916096129e+001, 1.3327046338092325e+001,
          1.5874415806438467e+001, -6.2239792658517612e-001,
          -4.0122263529174651e-001, -1.7876930094927593e-001,
          3.8669892943757431e-002, -3.6183543541351169e+000,
          -1.7397800090408699e+000, 2.3299587615241441e-001,
          2.1363100640125303e+000, 3.9116088333741899e+000,
          -1.3631219616673778e+001, -1.1562926245845881e+001,
          -9.0516976033725776e+000, -6.8137172057970892e+000,
          -9.0346921759212524e+000, -1.1380959252727145e+001,
          5.7369988101813636e+000, 7.8006944397160165e+000,
          1.0316653665628381e+001, 1.2542899184210421e+001,
          1.0372100385147050e+001, 8.0205374788908976e+000,
          -8.4804322221721513e+000, -5.7198773460903141e+000,
          -2.6712236236008242e+000, 3.2673531588019644e-001,
          3.2342824785635615e+000, 6.2866227953761467e+000,
          9.1393416353776438e+000, 6.8099436877428881e+000,
          3.8040037709473378e+000, 5.9906861149355484e-001,
          -2.6705887355354969e+000, -5.8520164027534678e+000,
          -3.2836963717618435e+000, 4.2610709696582949e-001,
          4.0372512906027263e+000, 4.2326985818445282e+000,
          4.4386013564776361e-001, -3.4194808995068868e+000,
          -5.6833679917342428e+000, -4.0345799282524847e-001,
          4.8359573152542978e+000, 9.9332721294371549e+000,
          1.4604959538230034e+001, 1.8415250558349413e+001,
          2.1312463386450769e+001, 2.3056676811427522e+001,
          2.3170445235410746e+001, 2.2179002310871631e+001,
          1.9645811335683113e+001, 1.6118138919380556e+001,
          1.1834150135970908e+001, 6.9454784525865678e+000,
          1.7822368527958263e+000, -3.4890739623399734e+000,
          -8.7662446270583150e+000, -1.3063395007674574e+001,
          -1.5168999708621090e+001, -1.6085715257070930e+001,
          -1.6116384394301804e+001, -1.5591231902224246e+001,
          -1.6417478298995807e+001, -1.7408440930868199e+001,
          -1.7896252198835917e+001, -1.7624463501267314e+001,
          -1.6143484803982243e+001, -1.1183245412560650e+001,
          -8.0029054962421835e+000, -4.8419258035634858e+000,
          -1.6800787952742715e+000, 1.4097481149897066e+000,
          1.9384390844533845e+000, 2.0956336228443457e+000,
          1.6812152775611797e+000, 9.1582681014097966e-001,
          -9.0979628902844709e+000, -1.0484599509145950e+001,
          -1.0730890323602036e+001, -9.7122731616150304e+000,
          -9.0325506220211587e+000, -8.7689346405598467e+000,
          -1.0674840130512916e+001, -1.1997742099194509e+001,
          -1.2120184729163299e+001, -1.1022750750388768e+001,
          -1.0370394282824744e+001, -1.0290915629440123e+001,
          7.2338410491323968e+000, 5.7807633754002428e+000,
          5.0900058452195136e+000, 5.2133254675965865e+000,
          4.6956852412039378e+000, 4.9948249913175777e+000,
          6.0962244361587770e+000, 8.2579353175260604e+000,
          9.5090863750465822e+000, 9.9234958326913940e+000,
          9.9377079920206146e+000, 9.0855558571025234e+000,
          6.8686557308345728e+000, 6.9410760574309585e+000,
          6.3831462780456638e+000, 7.0297581433044734e+000,
          7.4083813552292250e+000, 7.5461218506049477e+000,
          2.1731781610176615e+001, 2.1293944618962687e+001,
          2.0854885713359959e+001, 1.8599768671258072e+001,
          1.3568394997189882e+001, 7.9545747674060081e+000,
          3.3844951177518450e+000, -9.1024700220125887e-001,
          -4.6440359773999642e+000, -8.9236077508068867e-001,
          3.4659453922302017e+000, 8.1332895996101975e+000,
          1.3829972620706839e+001, 1.8789278612084928e+001,
          2.1076458495352430e+001, 2.1511184997056812e+001,
          2.1980488402001498e+001, 2.4919799091379635e-001,
          -1.5743153597183288e+000, -3.0530210805669897e+000,
          -4.4140494232333660e+000, -5.5672344019916036e+000,
          -5.5483732082240609e+000, -4.3088396016769668e+000,
          -2.8535194576801417e+000, -1.2933542974194971e+000,
          4.6693113368618389e-001, -4.9122624895615150e+000,
          -7.9261794069319764e+000, -1.0976045068352489e+001,
          -1.3758946561877442e+001, -6.6828360112482255e+000,
          -7.5303692538184768e+000, -8.2919914397080596e+000,
          -7.5288537784474672e+000, -6.5688393851238498e+000,
          -7.2199853249014767e-001, -1.1673098427359510e+000,
          -1.4766498415520730e+000, -1.2507772848078229e+000,
          -1.1297173161910901e+000, -1.0561000097301356e+000,
          -1.2218666436550785e+000, -1.3097790232644719e+000,
          -9.7797177198012963e-001, -5.6010653571714919e-001,
          -9.3837813509282508e-001, -1.0742148118871966e+000,
          -2.6171989810663772e+000, -4.7898017979088312e+000,
          -6.5556759963402573e+000, -8.2182035745654449e+000,
          -6.5633476436557610e+000, -4.7405189993499137e+000,
          -2.5653739948284859e+000, -3.7906903303617070e+000,
          -5.1837032207819442e+000, -6.5796951954609346e+000,
          -5.1726526242412110e+000, -3.8130627601623805e+000,
          -5.4848215202909802e+000, -7.6211364391092378e+000,
          -5.4345972839069150e+000, -4.5370914722076714e+000,
          -6.5186200820729132e+000, -4.5837485029558955e+000 ]
   - !!opencv-matrix
      rows: 198
      cols: 1
      dt: d
      data: [ -2.1219194607720539e+001, -2.0404675478157532e+001,
          -1.9319895381906697e+001, -1.8035963203196630e+001,
          -1.6034803808680063e+001, -1.2687316743342105e+001,
          -8.4101441461151616e+000, -3.4915651885945866e+000,
          1.7836522373250496e+000, 6.9078883375756286e+000,
          1.1414320769636465e+001, 1.5111211029593857e+001,
          1.7729673495680196e+001, 1.8954837071400675e+001,
          1.9462791508721448e+001, 1.9747335274311631e+001,
          1.9733125458179007e+001, -1.8184954917631103e+001,
          -1.5900814902836025e+001, -1.2908866743701452e+001,
          -9.7793120496698194e+000, -6.7071493507087432e+000,
          4.6986298852080255e+000, 7.4705337471719062e+000,
          1.0392526684113376e+001, 1.3342373659812850e+001,
          1.5870770414920221e+001, -6.0358745954347914e-001,
          -3.7868811413128661e-001, -1.5427176889248578e-001,
          6.4649260440181530e-002, -3.6009314246143895e+000,
          -1.7159665928775660e+000, 2.6268681265777183e-001,
          2.1606310598367648e+000, 3.9286435072165813e+000,
          -1.3607637235291053e+001, -1.1558268994204376e+001,
          -9.0986883839273371e+000, -6.8830625980000644e+000,
          -9.0758813004233403e+000, -1.1383610181322219e+001,
          5.7270726253384172e+000, 7.7798502658508788e+000,
          1.0240799841889388e+001, 1.2430035769493262e+001,
          1.0278864154568550e+001, 7.9705421429792942e+000,
          -8.5118917358857953e+000, -5.7369162535743587e+000,
          -2.6747435844679943e+000, 3.3867676291954951e-001,
          3.2587680542104329e+000, 6.3205677842974808e+000,
          9.1780486049702894e+000, 6.8465753041556301e+000,
          3.8331099973998706e+000, 6.1847059862974385e-001,
